1000
32341864
69982380
5256992
84025787
19406227
22272294
31619745
12466943
25725269
65716031
99330049
51815292
58106649
49537261
41149940
64520111
53367702
63399407
25254255
30616812
18173906
47530696
64498600
57610246
36515591
4604284
29283193
88302609
10489542
82200920
62431119
94987703
97552668
91790933
59506824
85228301
55882207
58263401
65208026
13244549
35011816
69533150
10288217
44809288
94561300
81501687
22787990
53292412
47360943
22597734
38645679
89645040
5720472
52915547
43420204
37503457
14421205
33755496
906772
75081476
952366
44010783
84469611
89243054
52756953
13896754
89669469
58191096
89223741
90405090
40571256
81135057
35262829
65417414
88343837
18023927
22351884
43840152
99279470
70794200
44927448
70675130
99522212
49728409
60261306
39603058
88896640
59268148
95563
38155448
8856482
20587820
3978583
12134585
86019348
73620157
17269943
95467439
93516555
97443206
13549281
75555125
69034265
1577015
69610441
47597090
5086073
38294439
57351574
28854570
56363705
52162315
15290526
13143474
42909010
60723860
77384585
38177944
20495094
91182514
31442053
40868600
66288800
83433093
35677228
18438998
19912003
22764313
77348370
44714650
77959624
20244817
39233327
49842330
88819013
89034761
8548239
66706020
53283266
50478556
39025086
71973422
7265771
24179742
33771773
17265152
22579410
19833962
38898292
26373136
89069721
34824373
30152396
46527983
28098639
29616007
86583903
71229651
23214201
31748083
92101996
18051598
11972832
12370364
24382749
41895492
78903714
80316696
25423571
1311774
68185501
41848826
58824139
35425306
55919433
57527122
94659704
40818970
25888758
81780434
20390496
33091427
87433989
8262687
29291065
56467458
93423606
59395836
6131323
5391469
88040366
96438311
28581322
48638980
63366645
36846779
85350964
83822228
49685832
89851360
15224845
40949809
19188052
70627015
99257878
16393575
68300404
8892299
41259684
61355487
16454921
95426127
51676980
89794784
7236505
5096677
76549254
32793225
52395638
75871768
9528856
65547822
13245103
26581100
72933870
25245042
71945205
92021839
92312088
23064262
74495371
69763900
71509263
41498670
39126976
91818879
82365575
14031161
20990353
25449956
83444799
47350163
42858274
24592227
17869539
56154057
64789945
64728148
19190124
96934477
93476409
82517982
16826251
48058155
43753730
14122923
42629264
87671803
20279297
92910140
74191835
52949218
26539330
88220970
83376093
33725222
84609849
35717876
43792167
54375832
74775721
87967315
6752071
455048
44070207
11304356
29108992
89874342
73738059
3059556
76460679
1028870
76326212
46475900
8935208
82441917
55338181
82346610
51602244
50855534
99786614
54040182
76920816
50410402
77064792
32341713
27986802
84020420
50599138
90492227
98936574
33065166
34204573
20583135
63696751
74993035
35792642
82856418
30129154
51698120
64763889
32470953
9275022
28341103
50808904
84795122
72403857
45507190
54616423
59646034
89951216
17139339
87880265
83447153
27385382
38180432
75600915
58207255
42400237
55906983
74897515
26705305
66256399
72986693
35679245
32901964
12089714
81163302
53158344
45125781
88244215
83819832
44138519
33182962
4928369
10895085
34393804
10259260
61111716
24649523
39285720
55820793
71702506
13944057
90898033
36131876
58467044
8001808
82708404
14936429
70746685
86270270
30448548
83854748
21726151
30962319
20208262
1854635
25144007
63714058
94215796
11087871
99395513
8519006
79600596
88916404
20365942
85568402
1745903
50067665
71093542
45509243
79586635
12308811
44046370
27973288
64883942
97431758
12186311
5983240
43704273
18879938
18645450
20566160
57444074
51857527
17785346
2086775
67379395
3085032
27022857
705052
77973036
70904308
75668364
26129527
54625323
12669962
98373354
47873042
17184160
92523801
25614190
3259748
63943443
67272848
45046828
55133566
57343226
45962178
32764174
58837826
85423940
26381467
82304718
91247577
97863978
57253064
34648125
72714475
82228989
31777732
49733920
31473802
43779868
90698361
64467439
86955952
86308166
41335527
92601572
39664249
91686120
19981601
32105852
44098124
21555871
83280193
70788237
71007218
4361991
75692708
70301269
69356644
30650650
64184695
894789
33059848
48708033
5605560
48444325
35260917
37967998
80421067
84989515
35052766
29469490
10245127
66905981
86149362
16104129
52175648
97598078
15909065
88662920
78463537
43544395
14214776
79096410
43535869
29352417
7608856
50132300
3056625
43633615
24990214
43607263
83991104
95063617
1306863
21550704
48507919
47241815
47196086
39699126
85408546
65382112
58268636
94602407
12805747
65704692
48422416
90497551
91887693
91488281
56448737
25470301
78875279
17668426
89153661
85575332
20977751
54821736
84773370
87126140
27453653
11261354
84291087
47775065
45471435
82008700
22023563
45336162
62747892
80076883
27256954
49295122
59542344
84506408
18559601
15065624
53886504
73942
25514150
21903239
93818063
37301340
76384342
39499259
31121085
4275466
5857081
8080326
13765569
57058152
22653901
64335905
20681419
75049532
3757670
52420142
74801626
18872436
93550164
50893555
40542507
18877706
15068725
74339755
11315177
68667155
56792420
98957169
64656272
981031
34754724
61161595
58011115
11109360
97058015
48863733
69451379
37446571
22476898
13151184
91611330
63374433
80641005
19220728
12429881
87746122
78528616
97068115
96088426
76182680
11366383
46375816
72294682
89721996
88878608
61118073
8796865
15143557
59144815
26086795
30777719
28116867
14453872
57177851
16840789
89486723
93009199
17041345
9823876
43222872
87381397
4956345
58696165
44026961
20764443
27702025
99932259
55758421
40456979
23065634
64122365
9659
66337256
46104315
10584165
97558236
9678251
51551115
27374764
8146339
47533549
83532089
31539430
23020863
74310287
97143942
59516288
9995679
56951119
97941888
62778667
79867561
71393355
71602998
22842063
93576070
98602766
84147099
61015991
11654299
19247901
38026822
84495177
59140528
4307450
40328521
49032132
84877830
91200946
49701915
54940654
44992476
5001459
17586629
6311792
71264119
51181554
51569186
25324481
85765740
17338798
7706436
48123026
20900533
55062953
60284257
38978135
56567518
88797116
71985417
65930868
74824487
30216916
93454293
12438634
92103255
78561544
50475182
4572413
59992022
73221359
54794817
91401365
72243302
51433041
20076443
60666013
84799788
62256931
66083566
82102394
9724183
86282422
54567432
64346412
50449894
26669945
66437320
13802019
17090627
26392483
63424573
19417246
95816764
68486845
31889401
19173200
29794424
41030462
28264909
65366419
47397769
85539478
85204432
76229827
60771863
49929329
24605954
27779735
73664003
82839508
90319289
16931411
46040194
31859430
10151462
49341551
45395387
71278918
11451894
39941263
26262209
42160970
95716473
49526726
68780293
91117505
7896726
97648559
24527387
65495793
2871314
50102120
83976198
24022248
86926870
45657408
99919810
92407864
82066654
76263175
85083121
36296236
65567874
24821690
20662200
59419708
9867707
88119248
17028411
35866456
24570651
91662889
1189798
79030430
5768777
30615863
30736879
8210072
32271589
45755467
76440823
54968121
9907487
5652457
96922291
74850049
97199910
3547681
20603927
53516714
9828778
42853874
56134718
51108408
69158186
38685413
4803262
12113707
5148455
81202283
87604715
71575957
54154237
21694639
64473904
94562937
66673980
77379659
73554531
44245376
70298815
56225305
54101594
57888074
13184740
12436267
66936537
90569993
63789563
93473029
44186650
73380190
71629552
80371498
29450126
12094760
12085142
90728061
10083740
21685129
71470710
15304078
71048519
26315463
82546176
78016328
92030940
90382219
47766434
39055482
85693888
47675187
4453493
84275692
39444603
79034990
43462108
37601760
52579066
84157455
2190761
38814204
440807
35715768
2720734
96773645
35118385
30544925
10857991
50827153
96999900
39271736
51145660
47800619
7245971
46521089
57506090
51051070
70599520
68141487
31764240
72923453
92262703
91514369
231914
31442989
17166552
14239686
98688418
70402874
13631279
5642692
96270988
37207216
98751025
46478158
54135886
91431332
4877621
28406549
72047828
87448418
27319648
12306077
43919666
46650736
9181857
35023848
49491798
11016727
98453164
6769374
958936
52327011
77341309
59350300
81664742
88372473
16678176
52281884
46018056
53404848
49001857
83674620
37079075
2490338
40246181
65903347
63283622
55465154
66885437
27485233
93693888
97361113
32647978
29054614
96372526
13683485
63892672
87870123
62997900
28770877
36053029
67325470
70535675
31111835
96962166
68896314
75780811
49018256
4566211
40309559
71330762
5698765
22239015
28938852
45580758
9679172
88215965
25823561
16691146
5942201
19810321
28455676
53941148
64375153
16319391
52626813
19792817
43656835
26102778
70684929
39182366
23489474
27275467
88068928
47154223
52992073
61466695
66572917
10363290
66828088
67977704
49959958
29224062
79147045
34517522
96517974
60855195
27915456
71571042
22621160
86070545
4678609
16944475
25524694
92437452
33577650
26559907
38868499
19289687
71580351
68128690
82718195
36979393
17253230
32699137
96331723
10441391
72740443
22800893
34996594
32921860
11928048